   -0.03053316
   -0.00171546
   -0.03048504
   -0.00184554
   -0.03056578
   -0.00178437
    0.06842408
    0.06869107
    0.06807997
   -0.03051011
   -0.00164757
   -0.03041901
   -0.00192261
   -0.03057009
   -0.00177467
    0.06838830
    0.06880968
    0.06771524
   -0.03056045
   -0.00170309
   -0.03047249
   -0.00168618
   -0.03039670
   -0.00190114
    0.06771673
    0.06856819
    0.06874969
   -0.03043967
   -0.00181422
   -0.03052286
   -0.00176376
   -0.03049062
   -0.00169862
    0.06867125
    0.06817465
    0.06832261
    0.06293943
   -0.30762735
    0.05538046
   -0.05270900
   -0.05220378
   -0.05220728
   -0.05268834
    0.05537341
   -0.30752833
    0.06306563
    0.04664924
    0.05001185
    0.04775882
    0.04884277
    0.03081392
    0.03366189
    0.03082149
    0.03368667
    0.04890033
    0.04781644
    0.05007605
    0.04716380
    0.06396682
   -0.31050351
    0.05608059
   -0.05274942
   -0.05224640
   -0.05224736
   -0.05273598
    0.05605435
   -0.31032860
    0.06407839
    0.04738365
    0.04982799
    0.04807133
    0.04863689
    0.03081302
    0.03364520
    0.03082197
    0.03366449
    0.04870006
    0.04814236
    0.04988165
    0.04789012
    0.06402942
   -0.31096833
    0.05599865
   -0.05267772
   -0.05225543
   -0.05225609
   -0.05268675
    0.05598676
   -0.31092245
    0.06407062
    0.04849953
    0.04985362
    0.04836156
    0.04861510
    0.03083503
    0.03369384
    0.03084103
    0.03369579
    0.04864850
    0.04836151
    0.04989660
    0.04865291
    0.06407814
   -0.31120304
    0.05594077
   -0.05268726
   -0.05227234
   -0.05227335
   -0.05268675
    0.05594234
   -0.31110819
    0.06411293
    0.04914092
    0.04973496
    0.04857493
    0.04849672
    0.03085875
    0.03370816
    0.03086121
    0.03371459
    0.04850063
    0.04859937
    0.04974109
    0.04927827
    0.06406352
   -0.31046009
    0.05604544
   -0.05274112
   -0.05225180
   -0.05225273
   -0.05274936
    0.05605898
   -0.31044733
    0.06402869
    0.04791185
    0.04981288
    0.04820994
    0.04861014
    0.03083034
    0.03367972
    0.03083008
    0.03365053
    0.04867109
    0.04817716
    0.04978851
    0.04776177
    0.06391197
   -0.31001905
    0.05604710
   -0.05271934
   -0.05222844
   -0.05222693
   -0.05272220
    0.05602581
   -0.30994585
    0.06395575
    0.04715635
    0.05007317
    0.04800576
    0.04892868
    0.03083962
    0.03368814
    0.03083845
    0.03369518
    0.04891186
    0.04801339
    0.05003580
    0.04724599
