    0.38805498
   -0.00659181
   -0.01368151
    0.03517589
   -0.18922813
    0.06127688
   -0.02033689
    0.02128685
   -0.21687205
    0.15164360
    0.14553192
    0.10269119
    0.12012007
    0.08426162
   -0.00740314
   -0.01455035
    0.03402434
   -0.19130277
    0.06156655
   -0.02060739
    0.02503792
   -0.20441009
    0.14830836
    0.14414315
    0.10264269
    0.11472497
    0.07766096
   -0.00663995
   -0.01338525
    0.03619413
   -0.19007287
    0.06063504
   -0.02043082
    0.02374440
   -0.21530316
    0.14985241
    0.14478395
    0.10531451
    0.11830804
    0.08508074
    0.38945019
   -0.00642428
   -0.01366246
    0.03537061
   -0.19091036
    0.06190405
   -0.02006268
    0.02122858
   -0.21569672
    0.15155183
    0.14507785
    0.10151296
    0.12013513
    0.08593199
   -0.00768815
   -0.01482927
    0.03375583
   -0.19196950
    0.06165871
   -0.02099590
    0.02345239
   -0.20292094
    0.14813773
    0.14384411
    0.10248031
    0.11582298
    0.08780190
   -0.00758284
   -0.01401690
    0.03611127
   -0.19394865
    0.05608865
   -0.02247589
    0.01926177
   -0.20650109
    0.14957691
    0.14484573
    0.10513845
    0.11664369
    0.08452155
    0.39241759
   -0.00734590
   -0.01414255
    0.03512289
   -0.19521083
    0.05853155
   -0.02181753
    0.01988872
   -0.20377891
    0.15019561
    0.14560829
    0.10431361
    0.11776312
    0.09128795
   -0.00753241
   -0.01447382
    0.03451514
   -0.19578246
    0.05976609
   -0.02177467
    0.02137836
   -0.20040663
    0.14981437
    0.14524038
    0.10354018
    0.11728906
    0.09092609
   -0.00688554
   -0.01359558
    0.03577530
   -0.19454901
    0.05840418
   -0.02146075
    0.01949922
   -0.20281840
    0.15065004
    0.14619913
    0.10524268
    0.11778954
    0.09066029
    0.38876126
   -0.00693799
   -0.01426046
    0.03421458
   -0.19057155
    0.06242065
   -0.02018484
    0.02406570
   -0.20316591
    0.14990751
    0.14458953
    0.10262032
    0.11833279
    0.08923999
   -0.00701738
   -0.01351890
    0.03645282
   -0.19292616
    0.05659499
   -0.02187897
    0.01925490
   -0.20820566
    0.15090679
    0.14592026
    0.10550958
    0.11773424
    0.08472322
   -0.00651366
   -0.01374545
    0.03523415
   -0.19072590
    0.06190130
   -0.02010868
    0.02182520
   -0.21571621
    0.15148496
    0.14520119
    0.10164893
    0.11991239
    0.08418852
   -0.02571674
   -0.02809917
    0.05698599
   -0.03159632
   -0.02991680
    0.00184723
    0.00156556
   -0.02582763
   -0.02823962
    0.05664242
   -0.03420974
   -0.03138376
    0.09449812
    0.10106732
    0.06743882
    0.05322751
    0.09523929
    0.10168021
    0.06808259
    0.04936574
   -0.02605749
   -0.02725610
    0.05777867
   -0.03493060
   -0.02919264
    0.00188954
    0.00071718
   -0.03087287
   -0.03251720
    0.05649001
   -0.02839013
   -0.02754478
    0.08616363
    0.09436933
    0.08123182
    0.06174115
    0.05135652
    0.06861627
    0.09899439
    0.09398932
   -0.02738158
   -0.03058560
    0.05522718
   -0.03086404
   -0.02651162
    0.00334199
    0.00342340
   -0.02694990
   -0.02649297
    0.05653126
   -0.03185314
   -0.02750693
    0.07651979
    0.09173431
    0.08074563
    0.07316467
    0.08337827
    0.09097087
    0.07565530
    0.06264138
   -0.02798106
   -0.03119820
    0.05790103
   -0.02886622
   -0.02734816
    0.00211902
    0.00128199
   -0.02872337
   -0.02787996
    0.05736711
   -0.03127392
   -0.02930572
    0.07728851
    0.09213535
    0.07994756
    0.07463914
    0.09042811
    0.09423332
    0.07215179
    0.05844413
   -0.02838087
   -0.03233394
    0.05656129
   -0.02662697
   -0.02793938
    0.00181270
    0.00124560
   -0.03166826
   -0.03410780
    0.05648393
   -0.02821472
   -0.02582016
    0.06393897
    0.07380818
    0.09081906
    0.08199321
    0.04889696
    0.07012004
    0.10195443
    0.09796358
   -0.03020643
   -0.03224185
    0.05612879
   -0.02767448
   -0.02806390
    0.00095244
    0.00211295
   -0.02751732
   -0.02910003
    0.05770551
   -0.03128454
   -0.02792919
    0.05700648
    0.06905277
    0.09577675
    0.09157717
    0.07602857
    0.07971139
    0.09174635
    0.07565605
